0.81606
1.41740
1.61681
1.71636
1.61315
1.27622
1.03061
0.93710
0.84091
0.87344
0.84933
0.61995
0.46339
0.43440
0.45955
0.55568
0.85080
0.85330
1.00290
1.01920
1.12992
1.01498
1.37754
1.46806
1.46904
1.23545
1.04691
1.02200
1.13596
1.04007
0.96115
0.90933
0.82504
0.70003
0.56838
0.50044
0.48726
0.61849
0.82937
0.93008
0.94369
1.02969
1.10782
0.96390
1.34843
1.27989
1.44725
1.44780
1.39976
1.08725
0.95370
0.88412
0.76962
0.68935
0.54616
0.54402
0.48128
0.47072
0.64034
0.82821
0.91574
0.96158
1.29826
1.13407
1.22404
1.17154
1.27671
1.46129
1.52995
1.28080
1.05472
1.02780
0.92380
0.86166
0.69900
0.63753
0.60530
0.50539
0.42067
0.46583
0.71120
0.92959
0.85208
0.95474
1.05307
1.39360
1.55406
1.62761
1.38176
1.24522
1.20884
1.12699
0.90170
0.81875
0.80404
0.67513
0.62288
0.54494
0.49739
0.43287
0.62654
0.90713
0.67861
1.01816
1.20597
1.23276
1.31480
1.34819
1.42717
1.31248
1.20109
1.15860
1.08890
1.01444
0.94339
0.87295
0.80758
0.72695
0.66750
0.42628
0.30409
0.29939
0.65340
0.92074
0.92343
1.05826
1.14634
1.32200
1.42210
1.37864
1.36747
1.31382
1.28306
1.16703
1.10331
0.99405
0.95572
0.81814
0.74209
0.61965
0.46864
0.36055
0.29365
0.48305
0.82229
0.89346
0.95340
1.06992
1.16977
1.28452
1.26334
1.31803
1.36857
1.37400
1.34605
1.34843
1.15098
0.91842
0.84140
0.72365
0.48292
0.38990
0.38801
0.34986
0.47517
0.78860
0.87460
0.99234
1.09915
1.21250
1.14194
1.34233
1.25883
1.40129
1.26078
1.26206
1.26347
1.08670
1.05454
0.98282
0.86227
0.72396
0.49342
0.38948
0.34211
0.39674
0.64290
0.92245
0.88754
0.97714
1.00320
1.20640
1.30656
1.32090
1.26383
1.45512
1.39085
1.30650
1.15702
1.02322
0.87680
0.80605
0.73055
0.62392
0.58931
0.40535
0.33973
0.52242
0.80844
0.90292
0.91794
1.04611
1.23673
1.33122
1.31364
1.31358
1.40996
1.52379
1.30900
1.14341
0.95614
0.84841
0.84548
0.65346
0.63924
0.46297
0.31935
0.41487
0.54628
0.83212
0.85098
0.81356
0.99899
1.21049
1.25455
1.41655
1.32066
1.40776
1.32579
1.23746
1.20157
1.02377
0.93045
0.90188
0.79055
0.62966
0.54903
0.30476
0.21094
0.59621
0.84542
0.87149
0.95663
1.14225
1.25248
1.30045
1.37840
1.42088
1.41929
1.46739
1.34660
1.18485
0.87393
0.78079
0.64296
0.64052
0.50221
0.45051
0.26618
0.45271
0.71761
0.82412
0.93716
1.12369
1.25614
1.27738
1.28306
1.53185
1.45238
1.26133
1.33915
1.30216
1.08188
0.96597
0.81973
0.69338
0.65004
0.64125
0.47975
0.44020
0.33961
0.66597
0.76193
1.00510
0.89187
1.16190
1.21116
1.39604
1.40648
1.41899
1.43583
1.41069
1.28483
1.07138
0.97971
0.83200
0.78506
0.64632
0.47163
0.51503
0.41963
0.35884
0.63179
0.75881
0.76608
0.90933
1.23521
1.39042
1.17899
1.12619
1.30735
1.25681
1.53056
1.53209
1.39299
1.03317
0.74642
0.64626
0.64290
0.65578
0.64467
0.45051
0.33778
0.36409
0.63546
0.80380
1.05600
1.09806
1.20713
1.30265
1.45897
1.62377
1.26884
1.17405
1.25663
1.18735
1.05643
0.95718
0.94247
0.90500
0.76760
0.64260
0.56764
0.46504
0.46907
0.48250
0.70528
0.80233
0.85342
0.98660
0.92489
1.13993
1.19474
1.30992
1.41350
1.36143
1.38896
1.27604
1.28330
1.12827
0.95962
0.89633
0.73098
0.69778
0.62142
0.51637
0.39198
0.39839
0.63747
0.86251
0.88980
0.77657
0.96561
1.32640
1.11759
1.28623
1.51353
1.34849
1.29356
1.24570
1.30528
1.12131
0.99063
0.89767
0.65883
0.60640
0.64998
0.56618
0.52638
0.41688
0.53413
0.55226
0.85281
0.88412
1.25132
1.17270
1.29826
1.22098
1.19071
1.07535
1.24247
1.41942
1.36100
1.13334
1.03568
0.89285
0.75417
0.55898
0.47169
0.46687
0.43843
0.45546
0.62880
0.74966
0.93362
1.01834
1.12436
1.19028
1.21818
1.31150
1.85797
1.21665
1.12796
1.37687
1.40434
1.15342
0.99472
0.90194
0.84646
0.71187
0.64492
0.66189
0.42512
0.44539
0.50386
0.75192
0.77371
0.81961
0.86618
1.09140
1.14591
1.19926
1.25474
1.32920
1.41197
1.38603
1.36583
1.33055
1.16276
1.01425
0.84426
0.81204
0.66042
0.57308
0.58272
0.53322
0.48091
0.50539
0.67190
0.67928
0.94168
1.07096
1.05454
1.25333
1.30015
1.33518
1.27818
1.35209
1.37040
1.48265
1.11173
0.99191
0.95773
0.83145
0.76339
0.64681
0.57088
0.49062
0.49818
0.46840
0.63320
0.74282
0.85897
0.93826
0.97153
1.02573
1.21665
1.20927
1.21989
1.29337
1.36656
