-203 463 16064
-324 494 16042
-379 434 16224
-282 559 16228
-424 432 16081
-387 410 16104
-405 555 16001
-346 580 16018
-347 495 15964
-353 488 16157
-405 401 16030
-355 434 16054
-345 443 15984
-438 505 16187
-351 500 16098
-412 476 16121
-400 432 16186
-375 508 16082
-383 430 16067
-333 465 16166
-399 469 16190
-416 516 16174
-420 421 16058
-414 474 16180
-315 518 16078
-411 478 16080
-431 526 16266
-424 452 16077
-371 455 16082
-333 520 16054
-439 459 16123
-458 591 16138
-455 458 16082
-411 497 16132
-367 475 16140
-324 454 16078
-394 431 16092
-394 465 16106
-376 417 16048
-279 483 16112
-242 496 16022
-378 501 16076
-335 568 16031
-408 539 16070
-367 532 16013
-411 459 16275
-341 584 16235
-362 494 16034
-320 478 16123
-386 533 16127
-351 423 16106
-430 491 16098
-343 446 16161
-351 451 16178
-324 476 16145
-369 511 15982
-420 420 16090
-389 460 16058
-373 415 16105
-475 439 16112
-320 481 16123
-496 492 16089
-343 442 16114
-332 513 16092
-453 401 16136
-298 460 15944
-366 446 16164
-311 508 16165
-288 455 16184
-349 442 16058
-438 505 16001
-294 567 16049
-531 526 16168
-400 575 16056
-353 428 16054
-363 492 16062
-433 515 15988
-435 560 16084
-300 513 16133
-424 449 16086
-454 505 16067
-307 483 16026
-430 547 16222
-544 516 16065
-346 489 16148
-447 515 16072
-403 489 16125
-264 543 16064
-347 400 16070
-359 444 16136
-459 454 16122
-400 434 16116
-304 491 16052
-391 549 16038
-314 564 16090
-399 488 16109
-284 435 16030
-369 496 16098
-402 423 16064
-454 508 16197
-346 443 16133
-391 395 16117
-319 487 16078
-337 556 16051
-411 516 16142
-272 488 16116
-346 523 15994
-315 503 16058
-391 492 16193
-296 472 16120
-306 528 16086
-407 481 15976
-258 483 16097
-392 529 16102
-342 481 16158
-365 465 16184
-353 478 16005
-429 476 16018
-307 551 16077
-337 471 16057
-351 456 16033
-437 452 16090
-374 503 16117
-439 501 16158
-349 583 16088
-424 500 16084
-365 583 16156
-406 488 16203
-456 524 16051
-406 467 16080
-319 492 16113
-371 523 16073
-395 456 16148
-333 479 16250
-385 544 15994
-385 501 16156
-496 484 16125
-450 548 16193
-426 505 16174
-317 495 15993
-437 494 16081
-396 478 16065
-315 516 16132
-363 480 16157
-314 458 15988
-423 479 16126
-398 507 16267
-426 481 16193
-420 556 16082
-444 532 15999
-306 611 15972
-267 456 16133
-370 423 16201
-347 451 15955
-385 423 16112
-369 531 16157
-437 488 16013
-279 455 16117
-347 520 16134
-440 464 15984
-370 531 16019
-363 512 16190
-337 527 16110
-389 508 16002
-330 568 16138
-438 469 16158
-400 447 16052
-453 523 16138
-434 508 15942
-308 540 16085
-327 533 16082
-349 483 16140
-324 526 16229
-349 496 16102
-350 430 16069
-327 565 16109
-390 454 16072
-383 569 16109
-390 499 16022
-310 523 16043
-366 455 16180
-395 485 15953
-363 492 16121
-335 515 16228
-323 511 16090
-387 569 16100
-339 540 16047
-287 448 16017
-405 480 16120
-316 447 16060
-420 503 16122
-175 552 16082
-296 480 16045
-433 553 16068
-345 515 16073
-343 476 16058
-382 452 16047
-351 460 16145
-486 509 15778
-424 507 15404
-451 399 15780
-358 576 16245
-335 527 16053
-367 475 16070
-380 424 16168
-337 569 16107
-382 571 15977
-365 468 16121
-363 485 16196
-458 547 16097
-403 483 16017
-322 501 16084
-251 540 16093
-317 527 16210
-337 474 16234
-434 499 16061
-374 488 16060
-267 519 16117
-279 432 16019
-396 439 16112
-376 538 16131
-373 460 16105
-371 495 16142
-315 456 16072
-375 487 16209
-387 475 16117
-412 464 16122
-410 465 16186
-375 576 16101
-420 518 15830
-416 512 16144
-354 439 16061
-279 478 16019
-315 509 16110
-391 528 16125
-386 524 16074
-347 547 16011
-349 513 16002
-298 471 16161
-466 564 16096
-383 452 16097
-323 412 16070
-399 511 16137
-327 428 16093
-345 568 15940
-216 569 16082
-357 475 16074
-415 547 16048
-383 531 16096
-328 622 16070
-378 462 16185
-386 463 16093
-284 609 16206
-395 542 16098
-444 476 15985
-367 533 15992
-266 495 16136
-284 512 16090
-449 500 16018
-429 611 16033
-378 503 16076
-317 454 16051
-371 454 16117
-400 468 15984
-353 460 15977
-349 499 16045
-400 432 16027
-443 476 16027
-287 448 16073
-391 472 15994
-288 481 15985
-365 443 16104
-449 481 16142
-366 524 16133
-366 442 16015
-444 467 16027
-418 454 15897
-418 455 16170
-408 524 16182
-349 448 16011
-407 503 16200
-379 511 16039
-400 495 16202
-333 472 16144
-438 544 16162
-350 440 16085
-367 443 16102
-514 475 16080
-347 462 16084
-450 485 16101
-360 449 16084
-341 395 16072
-446 518 15994
-367 480 16030
-379 569 16105
-451 469 16042
-499 434 16101
-390 443 16062
-426 495 16160
-330 454 16022
-296 385 16081
-362 436 16109
-304 504 16177
-389 408 16068
-396 549 16078
-323 410 16134
-382 407 15974
-376 553 16097
-373 505 16174
-482 522 16058
-218 412 15993
-380 460 16029
-290 467 16022
-410 458 16057
-438 404 16056
-506 481 16127
-410 497 16097
-387 439 16105
-250 485 15970
-374 483 16056
-336 451 16125
-312 573 16148
-271 569 16126
-339 516 16065
-434 560 16157
-385 487 16110
-360 524 16150
-267 531 16022
-408 469 16171
-370 555 15993
-343 508 16067
-408 499 16062
-358 452 15970
-414 430 16062
-431 531 16043
-353 548 15982
-389 496 16165
-407 427 16114
-403 391 16123
-308 479 16069
-363 443 16001
-431 526 16138
-375 459 16030
-374 483 16122
-333 522 16049
-396 503 16090
-370 464 16157
-292 499 16081
-291 471 16184
-383 528 16047
-453 447 16185
-366 487 16186
-370 511 16107
-337 478 15976
-408 483 16113
-327 475 16120
-369 448 16107
-360 439 16156
-456 452 16090
-391 446 16193
-419 496 16100
-440 475 16035
-424 480 16092
-405 544 16158
-283 503 16157
-363 420 16049
-391 398 16011
-453 518 16094
-311 533 16118
-392 494 16203
-366 447 15969
-370 446 16067
-418 447 16171
-426 489 16136
-343 444 16114
-400 454 16169
-304 548 16089
-335 438 16072
-371 452 16068
-396 503 16156
-402 455 15951
-437 483 16127
-306 432 16146
-299 536 16077
-355 455 16068
-453 481 16174
-383 542 16105
-374 547 16080
-498 460 16157
-414 463 16026
-295 598 16120
-374 509 16118
-390 523 16112
-346 532 16133
-355 519 16107
-378 449 16067
-308 431 15998
-390 483 16098
-358 436 16160
-298 446 16118
-400 508 16011
-399 484 16201
-333 507 16051
-390 535 16054
-390 564 16133
-487 483 16011
-341 364 16042
-295 476 16073
-402 423 16178
-324 491 16181
-347 489 16085
-280 416 16039
-371 456 16093
-336 504 16060
-426 430 16121
-294 547 16131
-353 469 16180
-405 492 15929
-239 565 16157
-386 559 16065
-350 488 16067
-282 511 16024
-322 519 16019
-431 491 16004
-275 527 16169
-288 443 16132
-431 531 16098
-392 503 16165
-343 464 16127
-394 447 16030
-389 503 16085
-405 460 15976
-342 511 16142
-387 481 16067
-386 423 15997
-333 515 16096
-392 423 16158
-400 442 16073
-341 508 16145
-263 488 16022
-403 447 16153
-390 434 16072
-419 495 16070
-247 526 16144
-339 479 16209
-390 481 16045
-462 627 16021
-430 440 16170
-396 432 16180
-431 552 16109
-343 478 16045
-403 523 15962
-360 540 16093
-449 499 16053
-398 487 16156
-284 428 16141
-274 456 16142
-376 469 16053
-396 388 16006
-379 580 15930
-482 567 16260
-366 430 16049
-292 440 15961
-371 528 16107
-427 531 16110
-444 528 16022
-391 531 16089
-255 421 16157
-412 511 16198
-369 440 16185
-308 462 16134
-382 494 16088
-382 475 16127
-382 535 16092
-287 474 16051
-350 487 16105
-431 555 16085
-440 474 16049
-349 463 16134
-402 495 16173
-333 520 16168
-314 364 16085
-371 535 16170
-422 575 16110
-307 501 16068
-431 587 16161
-353 427 16123
-359 520 16126
-330 495 16233
-440 460 16098
-400 480 16104
-266 581 16088
-326 471 16166
-357 597 16107
-419 446 16097
-434 496 16029
-312 434 16045
-323 480 16122
-400 531 16132
-369 474 15995
-400 499 16086
